4
4117,7432
13475,2351
12919,7230
5662,2592
3878,6993
4356,7871
3401,6114
4833,8750
4
10570,5991
3603,5195
13552,7621
12436,1336
10513,6488
10627,5494
10400,7481
10740,4501
5
3574,5265
13820,5070
10665,2296
8685,7480
7222,2131
3564,4765
3584,5765
3545,3765
3603,6765
4
13477,2311
12960,7236
5626,2598
4104,7430
13974,2363
12980,2259
14969,2468
11985,2154
6
13876,1216
10225,4942
6103,2171
2998,5217
6296,7778
14078,7785
14233,1566
13519,866
14947,2266
12805,166
4
9543,1391
3613,4448
7980,7892
13286,5545
9772,1835
9314,947
10230,2724
8856,58
3
11476,6101
9101,1817
5022,5252
11039,6343
11913,5859
10164,6828
12788,5374
6
10542,5048
13105,2321
4582,2171
7375,4968
3321,7220
14588,7706
10178,4706
10906,5390
9449,4021
11635,6075
4
13497,2348
12931,7218
5624,2596
4101,7408
13994,2406
13000,2290
14987,2521
12007,2175
3
7494,6930
6024,5377
11275,2821
7131,7274
7857,6586
6405,7961
8583,5899
4
5657,2597
4125,7428
13508,2310
12931,7240
6134,2748
5180,2446
7087,3050
4227,2144
6
13880,1233
10226,4925
6074,2196
3000,5179
6272,7753
14085,7759
14235,1585
13525,881
14946,2288
12814,178
4
10340,3386
11216,5433
7265,6671
5429,2861
10800,3189
9880,3583
11719,2796
8961,3976
5
7214,2156
3592,5264
13840,5080
10706,2305
8716,7459
7540,2535
6888,1777
8191,3294
6237,1018
4
5438,2856
10341,3353
11231,5421
7282,6669
5488,2359
5388,3353
5589,1364
5287,4348
4
8004,7901
13303,5513
9564,1376
3670,4448
7799,7445
8209,8357
7388,6533
8620,9269
